      0/63     5.24G   0.09277    0.1537         0    0.2464      6991       640    0.1374    0.2328   0.05042  0.009504    0.1304    0.4043         0
      1/63     5.89G   0.07569    0.1847         0    0.2603      7987       640    0.3172    0.3925    0.1988   0.04344    0.1191    0.4865         0
      2/63     5.89G   0.06433    0.2073         0    0.2717      8058       640    0.5248    0.5137    0.4384    0.1332    0.1101     0.597         0
      3/63     5.89G   0.05713    0.2138         0     0.271      7513       640    0.6212    0.5851    0.5667    0.2062    0.1032    0.6553         0
      4/63     5.89G   0.05195    0.2252         0    0.2772      6720       640    0.7621    0.6507    0.6803    0.2756   0.09601     0.659         0
      5/63     5.89G   0.04908    0.2269         0     0.276      9730       640    0.7832    0.6903    0.7269    0.3317   0.09253     0.715         0
      6/63     5.89G   0.04583     0.237         0    0.2829      9156       640    0.8019    0.7088    0.7405     0.347   0.08873     0.774         0
      7/63     5.89G   0.04443    0.2552         0    0.2996      8460       640    0.8168    0.7081    0.7509    0.3443   0.08545    0.7883         0
      8/63     5.89G   0.04849    0.2665         0     0.315      8242       640     0.773     0.697    0.7132    0.2973   0.08754    0.8813         0
      9/63     5.89G   0.04501    0.2695         0    0.3145      9270       640    0.8336    0.7431    0.7784    0.3733    0.0848    0.8578         0
     10/63     5.89G   0.04311    0.2731         0    0.3162      7799       640    0.8533    0.7476    0.7952    0.3805   0.08357    0.8715         0
     11/63     5.89G   0.04159    0.2704         0     0.312      8298       640    0.8404    0.7455    0.7895    0.3983   0.08282    0.9321         0
     12/63     5.89G   0.04102    0.2736         0    0.3146      7926       640    0.8674    0.7516    0.8034    0.4083   0.08275    0.9119         0
     13/63     5.89G   0.04021    0.2765         0    0.3167      8671       640    0.8556    0.7585    0.8032    0.4081   0.08254     0.942         0
     14/63     5.89G    0.0395    0.2688         0    0.3083      8325       640    0.8636     0.778    0.8247    0.4202    0.0813    0.9318         0
     15/63     5.89G   0.03909    0.2715         0    0.3106      7378       640    0.8711    0.7711    0.8187    0.4228   0.08164    0.9558         0
     16/63     5.89G   0.03869    0.2744         0    0.3131      7089       640    0.8791    0.7735    0.8234    0.4314   0.07984    0.9624         0
     17/63     5.89G   0.03765    0.2698         0    0.3074      7363       640    0.8641    0.7682    0.8191     0.426   0.07995    0.9605         0
     18/63     5.89G   0.03707    0.2703         0    0.3074      8357       640    0.8804    0.7729    0.8283    0.4472   0.07908     1.023         0
     19/63     5.89G   0.03668    0.2706         0    0.3073      7878       640    0.8771     0.781    0.8349    0.4477   0.07846    0.9779         0
     20/63     5.89G   0.03653    0.2766         0    0.3131      7190       640    0.8793    0.7816    0.8302    0.4518   0.07762      1.01         0
